lidar0
1
3.370000 0.237000 1.315000
2
3.470000 0.221000 0.930000
3
3.503000 -0.334000 0.951000
4
3.395000 -0.313000 1.324000
lidar1
1
3.337000 0.901000 1.069000
2
3.411000 0.884000 0.665000
3
3.546000 0.344000 0.710000
4
3.456000 0.352000 1.104000
lidar2
1
3.083000 1.514000 1.240000
2
3.190000 1.518000 0.865000
3
3.416000 0.995000 0.944000
4
3.280000 1.008000 1.327000
lidar3
1
3.206000 1.466000 1.052000
2
3.293000 1.459000 0.674000
3
3.571000 0.987000 0.734000
4
3.454000 0.960000 1.125000
lidar4
1
3.120000 1.626000 1.065000
2
3.235000 1.631000 0.676000
3
3.486000 1.140000 0.737000
4
3.387000 1.124000 1.146000
lidar5
1
3.109000 0.086000 1.025000
2
3.195000 0.065000 0.625000
3
3.146000 -0.494000 0.632000
4
3.038000 -0.488000 1.024000
lidar6
1
2.362000 -0.346000 0.815000
2
2.444000 -0.373000 0.433000
3
2.305000 -0.918000 0.425000
4
2.229000 -0.893000 0.770000
lidar7
1
2.373000 0.137000 0.832000
2
2.472000 0.123000 0.447000
3
2.435000 -0.440000 0.453000
4
2.333000 -0.425000 0.849000
lidar8
1
2.353000 0.385000 0.833000
2
2.440000 0.386000 0.437000
3
2.459000 -0.185000 0.455000
4
2.359000 -0.177000 0.851000
lidar9
1
2.321000 0.571000 0.809000
2
2.393000 0.561000 0.439000
3
2.454000 0.010000 0.459000
4
2.359000 0.009000 0.849000