596 81
599 189
748 186
749 80
0 0

413 145
420 252
569 249
566 145
0 0

216 67
224 183 
390 182
384 73
0 0

243 133
251 244
408 245
405 141
0 0

183 124
192 238
358 237
354 132
0 0


636 135
640 253
807 248
808 129
0 0

802 107
803 265
1042 262
1050 94
0 0

608 104
613 262
835 256
837 96
0 0

508 103
515 262
736 255
735 98
0 0

427 101
437 262
661 255
657 98 
0 0

lidar5
3.109000, 0.086000, 1.025000
3.195000, 0.065000, 0.625000
3.146000, -0.494000, 0.632000
3.038000, -0.488000, 1.024000

lidar6
2.362000, -0.346000, 0.815000
2.444000, -0.373000, 0.433000
2.305000, -0.918000, 0.425000
2.229000, -0.893000, 0.770000

lidar7
2.373000, 0.137000, 0.832000
2.472000, 0.123000, 0.447000
2.435000, -0.440000, 0.453000
2.333000, -0.425000, 0.849000

lidar8
2.353000, 0.385000, 0.833000
2.440000, 0.386000, 0.437000
2.459000, -0.185000, 0.455000
2.359000, -0.177000, 0.851000

2.321000, 0.571000, 0.809000
2.393000, 0.561000, 0.439000
2.454000, 0.010000, 0.459000
2.359000, 0.009000, 0.849000