photo
1
595.074        79.9927
2
596.561        190.163
3
749.386        186.745
4
749        80
photo
1
410.669        142.251
2
416.785        252.413
3
571.407        249.431
4
567.589        145.98
photo
1
218.14        63.6289
2
224        183
3
391.414        183.177
4
385.27        72.6801
photo
1
239.839        130.658
2
251.149        246.27
3
409.98        246.522
4
404.809        138.848
photo
1
184.393        122.695
2
195.248        241.339
3
360.424        240.26
4
356.121        131.097
photo
1
636        135
2
638.261        254.112
3
807.874        249.151
4
805.888        127.005
photo
1
801.148        106.59
2
801.255        268.195
3
1043.99        264.606
4
1050.41        95.7818
photo
1
606.154        103.374
2
611.651        263.515
3
836.47        258.122
4
838.592        95.5715
photo
1
507.235        103.274
2
510.638        261.015
3
737.674        256.226
4
737.345        97.2659
photo
1
427        101
2
439.357        265.66
3
656.582        256.952
4
660.964        97.4915
